5
C:/Enliang/matlab/patchBased/fountain/im0004.png 6.898700e+002 0 3.801725e+002 0 6.910400e+002 2.517025e+002 0 0 1 8.908560e-001 -4.542830e-001 -1.584340e-003 -2.116380e-002 -4.498570e-002 9.987630e-001 -4.537930e-001 -8.897210e-001 -4.969010e-002 9.318104e+000 -5.444752e-001 -9.015994e+000
C:/Enliang/matlab/patchBased/fountain/im0003.png 6.898700e+002 0 3.801725e+002 0 6.910400e+002 2.517025e+002 0 0 1 7.951630e-001 -6.063770e-001 -4.771030e-003 -5.019500e-002 -7.365930e-002 9.960190e-001 -6.043140e-001 -7.917590e-001 -8.900820e-002 5.848478e+000 -9.988201e-001 -1.011653e+001
C:/Enliang/matlab/patchBased/fountain/im0005.png 6.898700e+002 0 3.801725e+002 0 6.910400e+002 2.517025e+002 0 0 1 9.627420e-001 -2.703990e-001 3.447090e-003 -1.605480e-002 -4.442830e-002 9.988840e-001 -2.699440e-001 -9.617230e-001 -4.711420e-002 1.273456e+001 -4.609887e-001 -7.012182e+000
C:/Enliang/matlab/patchBased/fountain/im0006.png 6.898700e+002 0 3.801725e+002 0 6.910400e+002 2.517025e+002 0 0 1 9.949150e-001 -1.007150e-001 1.175360e-003 -4.620050e-003 -3.397590e-002 9.994120e-001 -1.006160e-001 -9.943350e-001 -3.426840e-002 1.548364e+001 -2.396540e-001 -4.728913e+000
C:/Enliang/matlab/patchBased/fountain/im0007.png 6.898700e+002 0 3.801725e+002 0 6.910400e+002 2.517025e+002 0 0 1 9.955350e-001 9.438150e-002 -1.705780e-003 3.721000e-003 -2.118000e-002 9.997690e-001 9.432350e-002 -9.953110e-001 -2.143660e-002 1.786883e+001 -3.811941e-002 -1.682457e+000
C:/Enliang/matlab/patchBased/fountain/im0008.png 6.898700e+002 0 3.801725e+002 0 6.910400e+002 2.517025e+002 0 0 1 9.289420e-001 3.701160e-001 8.950960e-003 9.562980e-004 -2.657580e-002 9.996460e-001 3.702230e-001 -9.286050e-001 -2.504140e-002 1.964973e+001 -7.492214e-002 3.720734e+000
C:/Enliang/matlab/patchBased/fountain/im0009.png 6.898700e+002 0 3.801725e+002 0 6.910400e+002 2.517025e+002 0 0 1 8.413700e-001 5.402620e-001 1.458640e-002 8.601370e-003 -4.037090e-002 9.991480e-001 5.403910e-001 -8.405280e-001 -3.861390e-002 2.012706e+001 2.413952e-002 7.440508e+000
C:/Enliang/matlab/patchBased/fountain/im0010.png 6.898700e+002 0 3.801725e+002 0 6.910400e+002 2.517025e+002 0 0 1 7.073500e-001 7.065340e-001 2.157490e-002 2.182790e-002 -5.234030e-002 9.983910e-001 7.065260e-001 -7.057410e-001 -5.244510e-002 1.967051e+001 2.217569e-001 1.142904e+001
C:/Enliang/matlab/patchBased/fountain/im0000.png 6.898700e+002 0 3.801725e+002 0 6.910400e+002 2.517025e+002 0 0 1 4.509270e-001 -8.925350e-001 6.799890e-003 -9.456420e-002 -4.019740e-002 9.947070e-001 -8.875370e-001 -4.491830e-001 -1.025280e-001 -3.480467e+000 -1.196483e+000 -9.844835e+000
C:/Enliang/matlab/patchBased/fountain/im0001.png 6.898700e+002 0 3.801725e+002 0 6.910400e+002 2.517025e+002 0 0 1 5.822260e-001 -8.130270e-001 -1.487520e-004 -9.838660e-002 -7.063830e-002 9.926380e-001 -8.070520e-001 -5.779250e-001 -1.211180e-001 -2.965658e-001 -1.424097e+000 -1.034111e+001
C:/Enliang/matlab/patchBased/fountain/im0002.png 6.898700e+002 0 3.801725e+002 0 6.910400e+002 2.517025e+002 0 0 1 6.667790e-001 -7.449500e-001 2.133400e-002 -8.313840e-002 -4.590570e-002 9.954800e-001 -7.406030e-001 -6.655390e-001 -9.254290e-002 2.150641e+000 -1.190312e+000 -1.071194e+001
